Top 10
Precision:0.102810180276
Recall:0.0622373460133
F1:0.0775368514437
MAP:0.045837169733
NDCG:0.111178182452
