Top 10
Precision:0.0505144032922
Recall:0.0785815611322
F1:0.0614968978784
MAP:0.041081241553
NDCG:0.0784880112246
