Top 10
Precision:0.402627773563
Recall:0.51123629103
F1:0.45046339449
MAP:0.436046007354
NDCG:0.543232522254
