Top 20
Precision:0.0903183023873
Recall:0.109595815672
F1:0.0990276036162
MAP:0.0375030737842
NDCG:0.114341545289
