Top 10
Precision:0.0490372272144
Recall:0.076758025852
F1:0.059843287604
MAP:0.0378589712926
NDCG:0.0746168631909
