Top 20
Precision:0.311797752809
Recall:0.735509927622
F1:0.43794263498
MAP:0.46942519331
NDCG:0.598829869491
