Top 20
Precision:0.316181689141
Recall:0.75509118196
F1:0.445723982765
MAP:0.478501186052
NDCG:0.609927136385
