Top 10
Precision:0.107627118644
Recall:0.0653238493861
F1:0.081301859923
MAP:0.0489068700397
NDCG:0.117214691623
