Top 10
Precision:0.404252303331
Recall:0.51748091381
F1:0.453911929064
MAP:0.434042961451
NDCG:0.542216904997
