Top 10
Precision:0.104929724009
Recall:0.0634222923796
F1:0.0790589270131
MAP:0.0462984879682
NDCG:0.112901621129
