Top 10
Precision:0.106257332844
Recall:0.0644464997008
F1:0.080231338205
MAP:0.0469107177733
NDCG:0.113968536457
