Top 10
Precision:0.407452093683
Recall:0.519415349396
F1:0.456671281709
MAP:0.436828203464
NDCG:0.545148081545
