Top 10
Precision:0.402623484559
Recall:0.510616612529
F1:0.450234138777
MAP:0.436174314075
NDCG:0.543725665967
