Top 10
Precision:0.0499617269188
Recall:0.0787975782708
F1:0.0611455301081
MAP:0.040303556732
NDCG:0.0779020842393
