Top 10
Precision:0.0498418380125
Recall:0.0781152951945
F1:0.0608405976056
MAP:0.0391478902797
NDCG:0.0765636494718
