Top 10
Precision:0.104297082228
Recall:0.063143239668
F1:0.0786627209651
MAP:0.0463465117258
NDCG:0.112905880143
