Top 10
Precision:0.0501925545571
Recall:0.0812822493901
F1:0.0620615298833
MAP:0.0416876999005
NDCG:0.0800582729259
