Top 10
Precision:0.402528089888
Recall:0.511353946952
F1:0.450461480204
MAP:0.438963868904
NDCG:0.545374297033
