Top 10
Precision:0.049178222907
Recall:0.0765289242901
F1:0.0598781625626
MAP:0.0381417287425
NDCG:0.0751599685673
