Top 10
Precision:0.404744162301
Recall:0.516083403386
F1:0.453681563659
MAP:0.43661167794
NDCG:0.544246427858
