Top 20
Precision:0.317328136074
Recall:0.75574758188
F1:0.446976792947
MAP:0.469202732508
NDCG:0.602912447352
