Top 10
Precision:0.0502314814815
Recall:0.0817946372313
F1:0.0622401967948
MAP:0.0414896789334
NDCG:0.0799052160557
