Top 10
Precision:0.104911460383
Recall:0.0635681450225
F1:0.0791671441106
MAP:0.0470301838328
NDCG:0.113766251406
