Top 20
Precision:0.315102526008
Recall:0.748782897154
F1:0.443547803564
MAP:0.472376370623
NDCG:0.603889817743
