Top 10
Precision:0.0502568053416
Recall:0.0757932225002
F1:0.060438308418
MAP:0.038095020613
NDCG:0.0751688691687
